0.00000e+00
4.17362e-03
8.34725e-03
1.25209e-02
1.66945e-02
2.08681e-02
2.50417e-02
2.92154e-02
3.33890e-02
3.75626e-02
4.17362e-02
4.59098e-02
5.00835e-02
5.42571e-02
5.84307e-02
6.26043e-02
6.67780e-02
7.09516e-02
7.51252e-02
7.92988e-02
8.34725e-02
8.76461e-02
9.18197e-02
9.59933e-02
1.00167e-01
1.04341e-01
1.08514e-01
1.12688e-01
1.16861e-01
1.21035e-01
1.25209e-01
1.29382e-01
1.33556e-01
1.37730e-01
1.41903e-01
1.46077e-01
1.50250e-01
1.54424e-01
1.58598e-01
1.62771e-01
1.66945e-01
1.71119e-01
1.75292e-01
1.79466e-01
1.83639e-01
1.87813e-01
1.91987e-01
1.96160e-01
2.00334e-01
2.04508e-01
2.08681e-01
2.12855e-01
2.17028e-01
2.21202e-01
2.25376e-01
2.29549e-01
2.33723e-01
2.37896e-01
2.42070e-01
2.46244e-01
2.50417e-01
2.54591e-01
2.58765e-01
2.62938e-01
2.67112e-01
2.71285e-01
2.75459e-01
2.79633e-01
2.83806e-01
2.87980e-01
2.92154e-01
2.96327e-01
3.00501e-01
3.04674e-01
3.08848e-01
3.13022e-01
3.17195e-01
3.21369e-01
3.25543e-01
3.29716e-01
3.33890e-01
3.38063e-01
3.42237e-01
3.46411e-01
3.50584e-01
3.54758e-01
3.58932e-01
3.63105e-01
3.67279e-01
3.71452e-01
3.75626e-01
3.79800e-01
3.83973e-01
3.88147e-01
3.92321e-01
3.96494e-01
4.00668e-01
4.04841e-01
4.09015e-01
4.13189e-01
4.17362e-01
4.21536e-01
4.25710e-01
4.29883e-01
4.34057e-01
4.38230e-01
4.42404e-01
4.46578e-01
4.50751e-01
4.54925e-01
4.59098e-01
4.63272e-01
4.67446e-01
4.71619e-01
4.75793e-01
4.79967e-01
4.84140e-01
4.88314e-01
4.92487e-01
4.96661e-01
5.00835e-01
5.05008e-01
5.09182e-01
5.13356e-01
5.17529e-01
5.21703e-01
5.25876e-01
5.30050e-01
5.34224e-01
5.38397e-01
5.42571e-01
5.46745e-01
5.50918e-01
5.55092e-01
5.59265e-01
5.63439e-01
5.67613e-01
5.71786e-01
5.75960e-01
5.80134e-01
5.84307e-01
5.88481e-01
5.92654e-01
5.96828e-01
6.01002e-01
6.05175e-01
6.09349e-01
6.13523e-01
6.17696e-01
6.21870e-01
6.26043e-01
6.30217e-01
6.34391e-01
6.38564e-01
6.42738e-01
6.46912e-01
6.51085e-01
6.55259e-01
6.59432e-01
6.63606e-01
6.67780e-01
6.71953e-01
6.76127e-01
6.80301e-01
6.84474e-01
6.88648e-01
6.92821e-01
6.96995e-01
7.01169e-01
7.05342e-01
7.09516e-01
7.13689e-01
7.17863e-01
7.22037e-01
7.26210e-01
7.30384e-01
7.34558e-01
7.38731e-01
7.42905e-01
7.47078e-01
7.51252e-01
7.55426e-01
7.59599e-01
7.63773e-01
7.67947e-01
7.72120e-01
7.76294e-01
7.80467e-01
7.84641e-01
7.88815e-01
7.92988e-01
7.97162e-01
8.01336e-01
8.05509e-01
8.09683e-01
8.13856e-01
8.18030e-01
8.22204e-01
8.26377e-01
8.30551e-01
8.34725e-01
8.38898e-01
8.43072e-01
8.47245e-01
8.51419e-01
8.55593e-01
8.59766e-01
8.63940e-01
8.68114e-01
8.72287e-01
8.76461e-01
8.80634e-01
8.84808e-01
8.88982e-01
8.93155e-01
8.97329e-01
9.01503e-01
9.05676e-01
9.09850e-01
9.14023e-01
9.18197e-01
9.22371e-01
9.26544e-01
9.30718e-01
9.34891e-01
9.39065e-01
9.43239e-01
9.47412e-01
9.51586e-01
9.55760e-01
9.59933e-01
9.64107e-01
9.68280e-01
9.72454e-01
9.76628e-01
9.80801e-01
9.84975e-01
9.89149e-01
9.93322e-01
9.97496e-01
1.00167e+00
1.00584e+00
1.01002e+00
1.01419e+00
1.01836e+00
1.02254e+00
1.02671e+00
1.03088e+00
1.03506e+00
1.03923e+00
1.04341e+00
1.04758e+00
1.05175e+00
1.05593e+00
1.06010e+00
1.06427e+00
1.06845e+00
1.07262e+00
1.07679e+00
1.08097e+00
1.08514e+00
1.08932e+00
1.09349e+00
1.09766e+00
1.10184e+00
1.10601e+00
1.11018e+00
1.11436e+00
1.11853e+00
1.12270e+00
1.12688e+00
1.13105e+00
1.13523e+00
1.13940e+00
1.14357e+00
1.14775e+00
1.15192e+00
1.15609e+00
1.16027e+00
1.16444e+00
1.16861e+00
1.17279e+00
1.17696e+00
1.18114e+00
1.18531e+00
1.18948e+00
1.19366e+00
1.19783e+00
1.20200e+00
1.20618e+00
1.21035e+00
1.21452e+00
1.21870e+00
1.22287e+00
1.22705e+00
1.23122e+00
1.23539e+00
1.23957e+00
1.24374e+00
1.24791e+00
1.25209e+00
1.25626e+00
1.26043e+00
1.26461e+00
1.26878e+00
1.27295e+00
1.27713e+00
1.28130e+00
1.28548e+00
1.28965e+00
1.29382e+00
1.29800e+00
1.30217e+00
1.30634e+00
1.31052e+00
1.31469e+00
1.31886e+00
1.32304e+00
1.32721e+00
1.33139e+00
1.33556e+00
1.33973e+00
1.34391e+00
1.34808e+00
1.35225e+00
1.35643e+00
1.36060e+00
1.36477e+00
1.36895e+00
1.37312e+00
1.37730e+00
1.38147e+00
1.38564e+00
1.38982e+00
1.39399e+00
1.39816e+00
1.40234e+00
1.40651e+00
1.41068e+00
1.41486e+00
1.41903e+00
1.42321e+00
1.42738e+00
1.43155e+00
1.43573e+00
1.43990e+00
1.44407e+00
1.44825e+00
1.45242e+00
1.45659e+00
1.46077e+00
1.46494e+00
1.46912e+00
1.47329e+00
1.47746e+00
1.48164e+00
1.48581e+00
1.48998e+00
1.49416e+00
1.49833e+00
1.50250e+00
1.50668e+00
1.51085e+00
1.51503e+00
1.51920e+00
1.52337e+00
1.52755e+00
1.53172e+00
1.53589e+00
1.54007e+00
1.54424e+00
1.54841e+00
1.55259e+00
1.55676e+00
1.56093e+00
1.56511e+00
1.56928e+00
1.57346e+00
1.57763e+00
1.58180e+00
1.58598e+00
1.59015e+00
1.59432e+00
1.59850e+00
1.60267e+00
1.60684e+00
1.61102e+00
1.61519e+00
1.61937e+00
1.62354e+00
1.62771e+00
1.63189e+00
1.63606e+00
1.64023e+00
1.64441e+00
1.64858e+00
1.65275e+00
1.65693e+00
1.66110e+00
1.66528e+00
1.66945e+00
1.67362e+00
1.67780e+00
1.68197e+00
1.68614e+00
1.69032e+00
1.69449e+00
1.69866e+00
1.70284e+00
1.70701e+00
1.71119e+00
1.71536e+00
1.71953e+00
1.72371e+00
1.72788e+00
1.73205e+00
1.73623e+00
1.74040e+00
1.74457e+00
1.74875e+00
1.75292e+00
1.75710e+00
1.76127e+00
1.76544e+00
1.76962e+00
1.77379e+00
1.77796e+00
1.78214e+00
1.78631e+00
1.79048e+00
1.79466e+00
1.79883e+00
1.80301e+00
1.80718e+00
1.81135e+00
1.81553e+00
1.81970e+00
1.82387e+00
1.82805e+00
1.83222e+00
1.83639e+00
1.84057e+00
1.84474e+00
1.84891e+00
1.85309e+00
1.85726e+00
1.86144e+00
1.86561e+00
1.86978e+00
1.87396e+00
1.87813e+00
1.88230e+00
1.88648e+00
1.89065e+00
1.89482e+00
1.89900e+00
1.90317e+00
1.90735e+00
1.91152e+00
1.91569e+00
1.91987e+00
1.92404e+00
1.92821e+00
1.93239e+00
1.93656e+00
1.94073e+00
1.94491e+00
1.94908e+00
1.95326e+00
1.95743e+00
1.96160e+00
1.96578e+00
1.96995e+00
1.97412e+00
1.97830e+00
1.98247e+00
1.98664e+00
1.99082e+00
1.99499e+00
1.99917e+00
2.00334e+00
2.00751e+00
2.01169e+00
2.01586e+00
2.02003e+00
2.02421e+00
2.02838e+00
2.03255e+00
2.03673e+00
2.04090e+00
2.04508e+00
2.04925e+00
2.05342e+00
2.05760e+00
2.06177e+00
2.06594e+00
2.07012e+00
2.07429e+00
2.07846e+00
2.08264e+00
2.08681e+00
2.09098e+00
2.09516e+00
2.09933e+00
2.10351e+00
2.10768e+00
2.11185e+00
2.11603e+00
2.12020e+00
2.12437e+00
2.12855e+00
2.13272e+00
2.13689e+00
2.14107e+00
2.14524e+00
2.14942e+00
2.15359e+00
2.15776e+00
2.16194e+00
2.16611e+00
2.17028e+00
2.17446e+00
2.17863e+00
2.18280e+00
2.18698e+00
2.19115e+00
2.19533e+00
2.19950e+00
2.20367e+00
2.20785e+00
2.21202e+00
2.21619e+00
2.22037e+00
2.22454e+00
2.22871e+00
2.23289e+00
2.23706e+00
2.24124e+00
2.24541e+00
2.24958e+00
2.25376e+00
2.25793e+00
2.26210e+00
2.26628e+00
2.27045e+00
2.27462e+00
2.27880e+00
2.28297e+00
2.28715e+00
2.29132e+00
2.29549e+00
2.29967e+00
2.30384e+00
2.30801e+00
2.31219e+00
2.31636e+00
2.32053e+00
2.32471e+00
2.32888e+00
2.33306e+00
2.33723e+00
2.34140e+00
2.34558e+00
2.34975e+00
2.35392e+00
2.35810e+00
2.36227e+00
2.36644e+00
2.37062e+00
2.37479e+00
2.37896e+00
2.38314e+00
2.38731e+00
2.39149e+00
2.39566e+00
2.39983e+00
2.40401e+00
2.40818e+00
2.41235e+00
2.41653e+00
2.42070e+00
2.42487e+00
2.42905e+00
2.43322e+00
2.43740e+00
2.44157e+00
2.44574e+00
2.44992e+00
2.45409e+00
2.45826e+00
2.46244e+00
2.46661e+00
2.47078e+00
2.47496e+00
2.47913e+00
2.48331e+00
2.48748e+00
2.49165e+00
2.49583e+00
2.50000e+00
