0.00000e+00
2.07595e+00
4.15190e+00
6.22785e+00
8.30380e+00
1.03797e+01
1.24557e+01
1.45316e+01
1.66076e+01
1.86835e+01
2.07595e+01
2.28354e+01
2.49114e+01
2.69873e+01
2.90633e+01
3.11392e+01
3.32152e+01
3.52911e+01
3.73671e+01
3.94430e+01
4.15190e+01
4.35949e+01
4.56709e+01
4.77468e+01
4.98228e+01
5.18987e+01
5.39747e+01
5.60506e+01
5.81266e+01
6.02025e+01
6.22785e+01
6.43544e+01
6.64304e+01
6.85063e+01
7.05823e+01
7.26582e+01
7.47342e+01
7.68101e+01
7.88861e+01
8.09620e+01
8.30380e+01
8.51139e+01
8.71899e+01
8.92658e+01
9.13418e+01
9.34177e+01
9.54937e+01
9.75696e+01
9.96456e+01
1.01722e+02
1.03797e+02
1.05873e+02
1.07949e+02
1.10025e+02
1.12101e+02
1.14177e+02
1.16253e+02
1.18329e+02
1.20405e+02
1.22481e+02
1.24557e+02
1.26633e+02
1.28709e+02
1.30785e+02
1.32861e+02
1.34937e+02
1.37013e+02
1.39089e+02
1.41165e+02
1.43241e+02
1.45316e+02
1.47392e+02
1.49468e+02
1.51544e+02
1.53620e+02
1.55696e+02
1.57772e+02
1.59848e+02
1.61924e+02
1.64000e+02
