4.76190e-02
5.69140e-02
6.56095e-02
7.37875e-02
8.15142e-02
8.88435e-02
9.58196e-02
1.02480e-01
1.08856e-01
1.14973e-01
1.20856e-01
1.26523e-01
1.31990e-01
1.37275e-01
1.42388e-01
1.47343e-01
1.52148e-01
1.56814e-01
1.61348e-01
1.65759e-01
1.70052e-01
1.74234e-01
1.78310e-01
1.82285e-01
1.86165e-01
1.89952e-01
1.93652e-01
1.97268e-01
2.00803e-01
2.04260e-01
2.07642e-01
2.10952e-01
2.14194e-01
2.17367e-01
2.20476e-01
2.23523e-01
2.26509e-01
2.29436e-01
2.32306e-01
2.35121e-01
2.37883e-01
2.40591e-01
2.43250e-01
2.45860e-01
2.48422e-01
2.50937e-01
2.53407e-01
2.55833e-01
2.58215e-01
2.60556e-01
2.62857e-01
2.65116e-01
2.67337e-01
2.69521e-01
2.71667e-01
2.73777e-01
2.75851e-01
2.77891e-01
2.79897e-01
2.81870e-01
2.83811e-01
2.85720e-01
2.87597e-01
2.89445e-01
2.91263e-01
2.93052e-01
2.94813e-01
2.96545e-01
2.98251e-01
2.99930e-01
3.01582e-01
3.03209e-01
3.04811e-01
3.06388e-01
3.07941e-01
3.09470e-01
3.10976e-01
3.12459e-01
3.13920e-01
3.15358e-01
3.16776e-01
3.18172e-01
3.19547e-01
3.20902e-01
3.22237e-01
3.23552e-01
3.24848e-01
3.26125e-01
3.27384e-01
3.28624e-01
3.29846e-01
3.31050e-01
3.32238e-01
3.33408e-01
3.34561e-01
3.35699e-01
3.36820e-01
3.37925e-01
3.39014e-01
3.40088e-01
3.41147e-01
3.42191e-01
3.43220e-01
3.44236e-01
3.45237e-01
3.46224e-01
3.47198e-01
3.48157e-01
3.49104e-01
3.50038e-01
3.50959e-01
3.51868e-01
3.52764e-01
3.53648e-01
3.54519e-01
3.55379e-01
3.56228e-01
3.57064e-01
3.57890e-01
3.58705e-01
3.59508e-01
3.60301e-01
3.61083e-01
3.61855e-01
3.62616e-01
3.63367e-01
3.64109e-01
3.64840e-01
3.65562e-01
3.66274e-01
3.66977e-01
3.67671e-01
3.68356e-01
3.69031e-01
3.69698e-01
3.70356e-01
3.71006e-01
3.71646e-01
3.72279e-01
3.72904e-01
3.73520e-01
3.74128e-01
3.74728e-01
3.75321e-01
3.75906e-01
3.76483e-01
3.77054e-01
3.77616e-01
3.78171e-01
3.78720e-01
3.79261e-01
3.79795e-01
3.80323e-01
3.80843e-01
3.81358e-01
3.81865e-01
3.82366e-01
3.82860e-01
3.83348e-01
3.83831e-01
3.84306e-01
3.84777e-01
3.85241e-01
3.85699e-01
3.86151e-01
3.86598e-01
3.87038e-01
3.87474e-01
3.87903e-01
3.88328e-01
3.88747e-01
3.89161e-01
3.89569e-01
3.89973e-01
3.90371e-01
3.90764e-01
3.91153e-01
3.91536e-01
3.91915e-01
3.92289e-01
3.92658e-01
3.93022e-01
3.93382e-01
3.93738e-01
3.94089e-01
3.94435e-01
3.94777e-01
3.95115e-01
3.95449e-01
3.95778e-01
3.96104e-01
3.96425e-01
3.96742e-01
3.97055e-01
3.97365e-01
3.97670e-01
3.97972e-01
3.98270e-01
3.98564e-01
3.98854e-01
3.99141e-01
3.99424e-01
3.99703e-01
3.99979e-01
4.00252e-01
4.00522e-01
4.00787e-01
4.01050e-01
4.01309e-01
4.01565e-01
4.01817e-01
4.02067e-01
4.02313e-01
4.02556e-01
4.02797e-01
4.03034e-01
4.03268e-01
4.03499e-01
4.03727e-01
4.03953e-01
4.04175e-01
4.04395e-01
4.04612e-01
4.04826e-01
4.05037e-01
4.05246e-01
4.05452e-01
4.05655e-01
4.05856e-01
4.06054e-01
4.06250e-01
4.06443e-01
4.06634e-01
4.06822e-01
4.07008e-01
4.07192e-01
4.07373e-01
4.07552e-01
4.07728e-01
4.07902e-01
4.08075e-01
4.08244e-01
4.08412e-01
4.08577e-01
4.08740e-01
4.08901e-01
4.09060e-01
4.09217e-01
4.09372e-01
4.09524e-01
4.09675e-01
4.09824e-01
4.09971e-01
4.10116e-01
4.10259e-01
4.10400e-01
4.10539e-01
4.10676e-01
4.10812e-01
4.10946e-01
4.11077e-01
4.11208e-01
4.11336e-01
4.11463e-01
4.11588e-01
4.11711e-01
4.11833e-01
4.11953e-01
4.12071e-01
4.12188e-01
4.12303e-01
4.12416e-01
4.12528e-01
4.12638e-01
4.12747e-01
4.12855e-01
4.12961e-01
4.13065e-01
4.13168e-01
4.13269e-01
4.13369e-01
4.13468e-01
4.13565e-01
4.13661e-01
4.13756e-01
4.13848e-01
4.13941e-01
4.14031e-01
4.14120e-01
4.14208e-01
4.14295e-01
4.14380e-01
4.14464e-01
4.14546e-01
4.14628e-01
4.14709e-01
4.14788e-01
4.14866e-01
4.14943e-01
4.15019e-01
4.15093e-01
4.15166e-01
4.15239e-01
4.15310e-01
4.15380e-01
4.15449e-01
4.15517e-01
4.15583e-01
4.15649e-01
4.15714e-01
4.15778e-01
4.15841e-01
4.15902e-01
4.15963e-01
4.16023e-01
4.16081e-01
4.16139e-01
4.16196e-01
4.16252e-01
4.16307e-01
4.16361e-01
4.16414e-01
4.16466e-01
4.16518e-01
4.16568e-01
4.16618e-01
4.16666e-01
4.16714e-01
4.16761e-01
4.16808e-01
4.16853e-01
4.16897e-01
4.16941e-01
4.16984e-01
4.17026e-01
4.17068e-01
4.17109e-01
4.17148e-01
4.17187e-01
4.17226e-01
4.17263e-01
4.17300e-01
4.17336e-01
4.17371e-01
4.17406e-01
4.17440e-01
4.17473e-01
4.17506e-01
4.17538e-01
4.17569e-01
4.17600e-01
4.17629e-01
4.17659e-01
4.17687e-01
4.17715e-01
4.17743e-01
4.17769e-01
4.17795e-01
4.17821e-01
4.17846e-01
4.17870e-01
4.17893e-01
4.17917e-01
4.17939e-01
4.17961e-01
4.17983e-01
4.18003e-01
4.18023e-01
4.18043e-01
4.18062e-01
4.18081e-01
4.18099e-01
4.18116e-01
4.18133e-01
4.18150e-01
4.18166e-01
4.18181e-01
4.18196e-01
4.18211e-01
4.18225e-01
4.18238e-01
4.18251e-01
4.18263e-01
4.18276e-01
4.18287e-01
4.18299e-01
4.18309e-01
4.18320e-01
4.18329e-01
4.18338e-01
4.18348e-01
4.18356e-01
4.18364e-01
4.18372e-01
4.18379e-01
4.18386e-01
4.18392e-01
4.18398e-01
4.18404e-01
4.18409e-01
4.18414e-01
4.18418e-01
4.18422e-01
4.18426e-01
4.18429e-01
4.18431e-01
4.18435e-01
4.18436e-01
4.18438e-01
4.18439e-01
4.18441e-01
4.18442e-01
4.18442e-01
4.18442e-01
4.18442e-01
4.18440e-01
4.18440e-01
4.18439e-01
4.18437e-01
4.18435e-01
4.18433e-01
4.18430e-01
4.18427e-01
4.18424e-01
4.18421e-01
4.18417e-01
4.18412e-01
4.18408e-01
4.18403e-01
4.18399e-01
4.18393e-01
4.18387e-01
4.18382e-01
4.18376e-01
4.18369e-01
4.18363e-01
4.18356e-01
4.18349e-01
4.18341e-01
4.18333e-01
4.18325e-01
4.18317e-01
4.18308e-01
4.18300e-01
4.18290e-01
4.18281e-01
4.18272e-01
4.18262e-01
4.18253e-01
4.18242e-01
4.18232e-01
4.18221e-01
4.18210e-01
4.18199e-01
4.18187e-01
4.18176e-01
4.18164e-01
4.18152e-01
4.18140e-01
4.18128e-01
4.18115e-01
4.18102e-01
4.18089e-01
4.18076e-01
4.18062e-01
4.18049e-01
4.18035e-01
4.18021e-01
4.18006e-01
4.17992e-01
4.17978e-01
4.17963e-01
4.17948e-01
4.17933e-01
4.17917e-01
4.17902e-01
4.17886e-01
4.17870e-01
4.17854e-01
4.17838e-01
4.17821e-01
4.17805e-01
4.17788e-01
4.17771e-01
4.17754e-01
4.17737e-01
4.17719e-01
4.17702e-01
4.17684e-01
4.17666e-01
4.17648e-01
4.17630e-01
4.17612e-01
4.17593e-01
4.17575e-01
4.17556e-01
4.17537e-01
4.17518e-01
4.17499e-01
4.17480e-01
