4.76190e-02
7.35515e-02
9.63718e-02
1.16639e-01
1.34781e-01
1.51134e-01
1.65963e-01
1.79482e-01
1.91866e-01
2.03260e-01
2.13782e-01
2.23533e-01
2.32599e-01
2.41051e-01
2.48952e-01
2.56355e-01
2.63308e-01
2.69850e-01
2.76019e-01
2.81845e-01
2.87357e-01
2.92578e-01
2.97533e-01
3.02240e-01
3.06717e-01
3.10979e-01
3.15045e-01
3.18923e-01
3.22628e-01
3.26171e-01
3.29560e-01
3.32806e-01
3.35916e-01
3.38900e-01
3.41763e-01
3.44513e-01
3.47155e-01
3.49696e-01
3.52139e-01
3.54491e-01
3.56756e-01
3.58938e-01
3.61042e-01
3.63069e-01
3.65026e-01
3.66914e-01
3.68737e-01
3.70496e-01
3.72197e-01
3.73840e-01
3.75428e-01
3.76963e-01
3.78449e-01
3.79886e-01
3.81276e-01
3.82622e-01
3.83926e-01
3.85188e-01
3.86409e-01
3.87593e-01
3.88741e-01
3.89853e-01
3.90930e-01
3.91976e-01
3.92989e-01
3.93971e-01
3.94924e-01
3.95849e-01
3.96745e-01
3.97616e-01
3.98460e-01
3.99280e-01
4.00075e-01
4.00848e-01
4.01597e-01
4.02325e-01
4.03033e-01
4.03719e-01
4.04386e-01
4.05033e-01
4.05662e-01
4.06273e-01
4.06867e-01
4.07444e-01
4.08004e-01
4.08548e-01
4.09077e-01
4.09591e-01
4.10091e-01
4.10576e-01
4.11048e-01
4.11506e-01
4.11951e-01
4.12384e-01
4.12805e-01
4.13215e-01
4.13611e-01
4.13998e-01
4.14374e-01
4.14738e-01
4.15093e-01
4.15438e-01
4.15773e-01
4.16098e-01
4.16415e-01
4.16722e-01
4.17022e-01
4.17312e-01
4.17594e-01
4.17869e-01
4.18135e-01
4.18394e-01
4.18646e-01
4.18890e-01
4.19128e-01
4.19359e-01
4.19583e-01
4.19801e-01
4.20012e-01
4.20218e-01
4.20417e-01
4.20611e-01
4.20799e-01
4.20982e-01
4.21159e-01
4.21331e-01
4.21498e-01
4.21660e-01
4.21817e-01
4.21970e-01
4.22118e-01
4.22261e-01
4.22401e-01
4.22536e-01
4.22667e-01
4.22793e-01
4.22917e-01
4.23036e-01
4.23152e-01
4.23263e-01
4.23372e-01
4.23477e-01
4.23578e-01
4.23677e-01
4.23772e-01
4.23864e-01
4.23953e-01
4.24039e-01
4.24123e-01
4.24203e-01
4.24280e-01
4.24355e-01
4.24428e-01
4.24498e-01
4.24565e-01
4.24630e-01
4.24693e-01
4.24753e-01
4.24811e-01
4.24867e-01
4.24921e-01
4.24972e-01
4.25022e-01
4.25070e-01
4.25116e-01
4.25159e-01
4.25201e-01
4.25241e-01
4.25280e-01
4.25317e-01
4.25352e-01
4.25386e-01
4.25417e-01
4.25448e-01
4.25477e-01
4.25504e-01
4.25530e-01
4.25555e-01
4.25578e-01
4.25600e-01
4.25620e-01
4.25640e-01
4.25658e-01
4.25675e-01
4.25690e-01
4.25705e-01
4.25718e-01
4.25731e-01
4.25742e-01
4.25752e-01
4.25761e-01
4.25769e-01
4.25777e-01
4.25783e-01
4.25789e-01
4.25793e-01
4.25796e-01
4.25799e-01
4.25801e-01
4.25802e-01
4.25802e-01
4.25801e-01
4.25800e-01
4.25799e-01
4.25796e-01
4.25792e-01
4.25788e-01
4.25783e-01
4.25778e-01
4.25772e-01
4.25765e-01
4.25757e-01
4.25750e-01
4.25741e-01
4.25732e-01
4.25722e-01
4.25712e-01
4.25701e-01
4.25690e-01
4.25678e-01
4.25666e-01
4.25653e-01
4.25640e-01
4.25626e-01
4.25613e-01
4.25598e-01
4.25583e-01
4.25568e-01
4.25552e-01
4.25536e-01
4.25519e-01
4.25502e-01
4.25485e-01
4.25467e-01
4.25449e-01
4.25431e-01
4.25412e-01
4.25393e-01
4.25374e-01
4.25354e-01
4.25334e-01
4.25314e-01
4.25293e-01
4.25272e-01
4.25251e-01
4.25230e-01
4.25208e-01
4.25186e-01
4.25164e-01
4.25142e-01
4.25119e-01
4.25096e-01
4.25073e-01
4.25050e-01
4.25026e-01
4.25002e-01
4.24979e-01
4.24954e-01
4.24930e-01
4.24906e-01
4.24881e-01
4.24856e-01
4.24831e-01
4.24805e-01
4.24780e-01
4.24754e-01
4.24728e-01
4.24702e-01
4.24676e-01
4.24650e-01
4.24623e-01
4.24597e-01
4.24570e-01
4.24543e-01
4.24517e-01
4.24489e-01
4.24462e-01
4.24435e-01
4.24407e-01
4.24380e-01
4.24352e-01
4.24324e-01
4.24296e-01
4.24268e-01
4.24240e-01
4.24212e-01
4.24183e-01
4.24155e-01
4.24126e-01
4.24098e-01
4.24069e-01
4.24040e-01
4.24011e-01
4.23982e-01
4.23953e-01
4.23924e-01
4.23895e-01
4.23865e-01
4.23836e-01
4.23807e-01
4.23777e-01
4.23748e-01
4.23718e-01
4.23688e-01
4.23658e-01
4.23628e-01
4.23598e-01
4.23568e-01
4.23538e-01
4.23508e-01
4.23478e-01
4.23448e-01
4.23418e-01
4.23387e-01
4.23356e-01
4.23326e-01
4.23296e-01
4.23265e-01
4.23235e-01
4.23204e-01
4.23173e-01
4.23142e-01
4.23112e-01
4.23081e-01
4.23050e-01
4.23019e-01
4.22988e-01
4.22957e-01
4.22926e-01
4.22896e-01
4.22864e-01
4.22833e-01
4.22802e-01
4.22771e-01
4.22739e-01
4.22708e-01
4.22677e-01
4.22646e-01
4.22614e-01
4.22583e-01
4.22552e-01
4.22520e-01
4.22489e-01
4.22457e-01
4.22425e-01
4.22394e-01
4.22362e-01
4.22331e-01
4.22299e-01
4.22268e-01
4.22236e-01
4.22204e-01
4.22173e-01
4.22141e-01
4.22110e-01
4.22078e-01
4.22046e-01
4.22014e-01
4.21983e-01
4.21951e-01
4.21919e-01
4.21887e-01
4.21856e-01
4.21824e-01
4.21791e-01
4.21760e-01
4.21728e-01
4.21696e-01
4.21664e-01
4.21632e-01
4.21600e-01
4.21568e-01
4.21536e-01
4.21504e-01
4.21472e-01
4.21440e-01
4.21408e-01
4.21376e-01
4.21344e-01
4.21312e-01
4.21280e-01
4.21247e-01
4.21215e-01
4.21183e-01
4.21151e-01
4.21119e-01
4.21087e-01
4.21055e-01
4.21022e-01
4.20990e-01
4.20958e-01
4.20926e-01
4.20894e-01
4.20862e-01
4.20829e-01
4.20797e-01
4.20765e-01
4.20733e-01
4.20701e-01
4.20669e-01
4.20636e-01
4.20604e-01
4.20571e-01
4.20539e-01
4.20507e-01
4.20475e-01
4.20442e-01
4.20410e-01
4.20378e-01
4.20345e-01
4.20313e-01
4.20281e-01
4.20248e-01
4.20216e-01
4.20184e-01
4.20152e-01
4.20119e-01
4.20087e-01
4.20055e-01
4.20022e-01
4.19990e-01
4.19958e-01
4.19925e-01
4.19893e-01
4.19861e-01
4.19828e-01
4.19796e-01
4.19764e-01
4.19731e-01
4.19699e-01
4.19666e-01
4.19634e-01
4.19602e-01
4.19569e-01
4.19537e-01
4.19505e-01
4.19472e-01
4.19440e-01
4.19407e-01
4.19375e-01
4.19342e-01
4.19310e-01
4.19278e-01
4.19246e-01
4.19213e-01
4.19180e-01
4.19148e-01
4.19116e-01
4.19083e-01
4.19051e-01
4.19018e-01
4.18986e-01
4.18953e-01
4.18921e-01
4.18889e-01
4.18857e-01
4.18824e-01
4.18792e-01
4.18759e-01
4.18727e-01
4.18694e-01
4.18662e-01
4.18629e-01
4.18597e-01
4.18565e-01
4.18532e-01
4.18500e-01
4.18467e-01
4.18434e-01
4.18402e-01
4.18370e-01
4.18337e-01
4.18305e-01
4.18272e-01
4.18240e-01
4.18208e-01
4.18175e-01
4.18143e-01
4.18110e-01
4.18078e-01
4.18045e-01
4.18013e-01
4.17981e-01
4.17948e-01
4.17915e-01
4.17883e-01
4.17850e-01
4.17818e-01
4.17786e-01
4.17753e-01
4.17721e-01
4.17688e-01
4.17656e-01
4.17623e-01
4.17591e-01
4.17559e-01
4.17526e-01
4.17494e-01
4.17461e-01
4.17429e-01
