4.76190e-02
1.75103e-01
2.43737e-01
2.87353e-01
3.17648e-01
3.39867e-01
3.56756e-01
3.69917e-01
3.80355e-01
3.88742e-01
3.95544e-01
4.01101e-01
4.05663e-01
4.09422e-01
4.12527e-01
4.15094e-01
4.17217e-01
4.18971e-01
4.20418e-01
4.21607e-01
4.22581e-01
4.23372e-01
4.24011e-01
4.24521e-01
4.24921e-01
4.25229e-01
4.25458e-01
4.25620e-01
4.25726e-01
4.25785e-01
4.25802e-01
4.25785e-01
4.25738e-01
4.25666e-01
4.25573e-01
4.25461e-01
4.25334e-01
4.25194e-01
4.25042e-01
4.24881e-01
4.24711e-01
4.24534e-01
4.24352e-01
4.24165e-01
4.23973e-01
4.23777e-01
4.23578e-01
4.23377e-01
4.23173e-01
4.22967e-01
4.22760e-01
4.22552e-01
4.22342e-01
4.22131e-01
4.21919e-01
4.21706e-01
4.21494e-01
4.21280e-01
4.21066e-01
4.20851e-01
4.20636e-01
4.20421e-01
4.20205e-01
4.19990e-01
4.19775e-01
4.19559e-01
4.19342e-01
4.19126e-01
4.18910e-01
4.18694e-01
4.18478e-01
4.18262e-01
4.18045e-01
4.17829e-01
4.17613e-01
4.17396e-01
4.17180e-01
4.16964e-01
4.16747e-01
4.16531e-01
4.16315e-01
4.16098e-01
4.15882e-01
4.15665e-01
4.15450e-01
4.15233e-01
4.15017e-01
4.14801e-01
4.14584e-01
4.14368e-01
4.14152e-01
4.13936e-01
4.13719e-01
4.13504e-01
4.13287e-01
4.13071e-01
4.12855e-01
4.12639e-01
4.12423e-01
4.12207e-01
4.11990e-01
4.11774e-01
4.11558e-01
4.11342e-01
4.11126e-01
4.10910e-01
4.10694e-01
4.10478e-01
4.10262e-01
4.10046e-01
4.09830e-01
4.09614e-01
4.09398e-01
4.09183e-01
4.08966e-01
4.08751e-01
4.08535e-01
4.08319e-01
4.08103e-01
4.07887e-01
4.07672e-01
4.07456e-01
4.07240e-01
4.07024e-01
4.06808e-01
4.06592e-01
4.06377e-01
4.06161e-01
4.05945e-01
4.05729e-01
4.05514e-01
4.05298e-01
4.05082e-01
4.04866e-01
4.04651e-01
4.04435e-01
4.04219e-01
4.04003e-01
4.03787e-01
4.03572e-01
4.03357e-01
4.03140e-01
4.02925e-01
4.02709e-01
4.02494e-01
4.02278e-01
4.02062e-01
4.01847e-01
4.01631e-01
4.01415e-01
4.01200e-01
4.00984e-01
4.00768e-01
4.00552e-01
4.00337e-01
4.00122e-01
3.99906e-01
3.99690e-01
3.99475e-01
3.99259e-01
3.99043e-01
3.98828e-01
3.98612e-01
3.98396e-01
3.98181e-01
3.97965e-01
3.97749e-01
3.97534e-01
3.97318e-01
3.97102e-01
3.96887e-01
3.96671e-01
3.96455e-01
3.96240e-01
3.96024e-01
3.95808e-01
3.95593e-01
3.95377e-01
3.95161e-01
3.94946e-01
3.94730e-01
3.94514e-01
3.94298e-01
3.94083e-01
3.93867e-01
3.93651e-01
3.93435e-01
3.93219e-01
3.93004e-01
3.92788e-01
3.92572e-01
3.92356e-01
3.92140e-01
3.91925e-01
3.91708e-01
3.91493e-01
3.91277e-01
3.91061e-01
3.90845e-01
3.90629e-01
3.90413e-01
3.90197e-01
3.89982e-01
3.89766e-01
3.89549e-01
3.89334e-01
3.89118e-01
3.88901e-01
3.88686e-01
3.88469e-01
3.88253e-01
3.88037e-01
3.87821e-01
3.87605e-01
3.87389e-01
3.87172e-01
3.86956e-01
3.86740e-01
3.86524e-01
3.86308e-01
3.86092e-01
3.85875e-01
3.85659e-01
3.85442e-01
3.85226e-01
3.85010e-01
3.84794e-01
3.84577e-01
3.84360e-01
3.84144e-01
3.83928e-01
3.83711e-01
3.83494e-01
3.83278e-01
3.83061e-01
3.82845e-01
3.82628e-01
3.82412e-01
3.82195e-01
3.81978e-01
3.81761e-01
3.81545e-01
3.81327e-01
3.81111e-01
3.80894e-01
3.80677e-01
3.80460e-01
3.80243e-01
3.80026e-01
3.79809e-01
3.79592e-01
3.79375e-01
3.79157e-01
3.78940e-01
3.78723e-01
3.78506e-01
3.78288e-01
3.78071e-01
3.77854e-01
3.77636e-01
3.77419e-01
3.77202e-01
3.76984e-01
3.76766e-01
3.76549e-01
3.76331e-01
3.76113e-01
3.75896e-01
3.75678e-01
3.75460e-01
3.75242e-01
3.75024e-01
3.74807e-01
3.74588e-01
3.74370e-01
3.74152e-01
3.73934e-01
3.73716e-01
3.73498e-01
3.73280e-01
3.73061e-01
3.72843e-01
3.72625e-01
3.72406e-01
3.72187e-01
3.71969e-01
3.71750e-01
3.71532e-01
3.71313e-01
3.71094e-01
3.70875e-01
3.70656e-01
3.70438e-01
3.70218e-01
3.69999e-01
3.69780e-01
3.69561e-01
3.69342e-01
3.69123e-01
3.68903e-01
3.68684e-01
3.68464e-01
3.68245e-01
3.68025e-01
3.67805e-01
3.67586e-01
3.67366e-01
3.67147e-01
3.66927e-01
3.66707e-01
3.66487e-01
3.66267e-01
3.66046e-01
3.65826e-01
3.65606e-01
3.65386e-01
3.65165e-01
3.64944e-01
3.64724e-01
3.64504e-01
3.64283e-01
3.64062e-01
3.63841e-01
3.63620e-01
3.63399e-01
3.63178e-01
3.62957e-01
3.62736e-01
3.62514e-01
3.62292e-01
3.62071e-01
3.61850e-01
3.61628e-01
3.61406e-01
3.61185e-01
3.60963e-01
3.60740e-01
3.60519e-01
3.60297e-01
3.60074e-01
3.59852e-01
3.59629e-01
3.59407e-01
3.59184e-01
3.58962e-01
3.58739e-01
3.58516e-01
3.58293e-01
3.58070e-01
3.57847e-01
3.57624e-01
3.57400e-01
3.57177e-01
3.56953e-01
3.56730e-01
3.56506e-01
3.56282e-01
3.56058e-01
3.55834e-01
3.55610e-01
3.55385e-01
3.55161e-01
3.54937e-01
3.54712e-01
3.54487e-01
3.54263e-01
3.54038e-01
3.53813e-01
3.53588e-01
3.53363e-01
3.53137e-01
3.52912e-01
3.52686e-01
3.52461e-01
3.52234e-01
3.52009e-01
3.51782e-01
3.51556e-01
3.51330e-01
3.51103e-01
3.50877e-01
3.50650e-01
3.50424e-01
3.50196e-01
3.49970e-01
3.49742e-01
3.49515e-01
3.49287e-01
3.49060e-01
3.48832e-01
3.48604e-01
3.48376e-01
3.48148e-01
3.47920e-01
3.47691e-01
3.47463e-01
3.47234e-01
3.47005e-01
3.46776e-01
3.46547e-01
3.46318e-01
3.46088e-01
3.45859e-01
3.45629e-01
3.45399e-01
3.45169e-01
3.44939e-01
3.44708e-01
3.44477e-01
3.44247e-01
3.44016e-01
3.43785e-01
3.43554e-01
3.43322e-01
3.43091e-01
3.42859e-01
3.42627e-01
3.42395e-01
3.42163e-01
3.41931e-01
3.41698e-01
3.41465e-01
3.41232e-01
3.40999e-01
3.40766e-01
3.40533e-01
3.40299e-01
3.40065e-01
3.39831e-01
3.39596e-01
3.39362e-01
3.39128e-01
3.38893e-01
3.38657e-01
3.38422e-01
3.38187e-01
3.37951e-01
3.37715e-01
3.37479e-01
3.37243e-01
3.37007e-01
3.36770e-01
3.36533e-01
3.36296e-01
3.36058e-01
3.35821e-01
3.35583e-01
3.35345e-01
3.35106e-01
3.34868e-01
3.34629e-01
3.34390e-01
3.34151e-01
3.33912e-01
3.33672e-01
3.33432e-01
3.33192e-01
3.32951e-01
3.32711e-01
3.32469e-01
3.32228e-01
3.31987e-01
3.31745e-01
3.31503e-01
3.31261e-01
3.31018e-01
3.30776e-01
3.30533e-01
3.30289e-01
3.30046e-01
3.29802e-01
3.29558e-01
3.29313e-01
3.29069e-01
3.28824e-01
3.28578e-01
3.28332e-01
3.28087e-01
3.27840e-01
3.27593e-01
3.27346e-01
3.27100e-01
3.26852e-01
3.26604e-01
3.26356e-01
3.26107e-01
3.25858e-01
3.25609e-01
3.25360e-01
3.25110e-01
3.24859e-01
3.24609e-01
3.24358e-01
3.24107e-01
3.23856e-01
3.23603e-01
3.23351e-01
3.23098e-01
3.22845e-01
3.22591e-01
