2.70000e+02
2.69699e+02
2.69424e+02
2.69172e+02
2.68940e+02
2.68727e+02
2.68530e+02
2.68348e+02
2.68180e+02
2.68025e+02
2.67881e+02
2.67749e+02
2.67626e+02
2.67512e+02
2.67407e+02
2.67310e+02
2.67220e+02
2.67137e+02
2.67061e+02
2.66990e+02
2.66926e+02
2.66866e+02
2.66812e+02
2.66763e+02
2.66717e+02
2.66676e+02
2.66639e+02
2.66606e+02
2.66576e+02
2.66549e+02
2.66525e+02
2.66504e+02
2.66486e+02
2.66471e+02
2.66458e+02
2.66447e+02
2.66438e+02
2.66432e+02
2.66427e+02
2.66424e+02
2.66423e+02
2.66424e+02
2.66426e+02
2.66429e+02
2.66434e+02
2.66440e+02
2.66448e+02
2.66456e+02
2.66466e+02
2.66476e+02
2.66488e+02
2.66500e+02
2.66513e+02
2.66527e+02
2.66542e+02
2.66557e+02
2.66573e+02
2.66590e+02
2.66607e+02
2.66625e+02
2.66643e+02
2.66662e+02
2.66681e+02
2.66701e+02
2.66720e+02
2.66741e+02
2.66761e+02
2.66782e+02
2.66803e+02
2.66824e+02
2.66846e+02
2.66868e+02
2.66890e+02
2.66912e+02
2.66934e+02
2.66956e+02
2.66979e+02
2.67001e+02
2.67024e+02
2.67047e+02
2.67070e+02
2.67092e+02
2.67115e+02
2.67138e+02
2.67161e+02
2.67184e+02
2.67207e+02
2.67229e+02
2.67252e+02
2.67275e+02
2.67298e+02
2.67321e+02
2.67343e+02
2.67366e+02
2.67388e+02
2.67411e+02
2.67433e+02
2.67455e+02
2.67477e+02
2.67500e+02
2.67521e+02
2.67543e+02
2.67565e+02
2.67587e+02
2.67608e+02
2.67630e+02
2.67651e+02
2.67672e+02
2.67693e+02
2.67714e+02
2.67735e+02
2.67756e+02
2.67776e+02
2.67797e+02
2.67817e+02
2.67837e+02
2.67857e+02
2.67877e+02
2.67897e+02
2.67916e+02
2.67936e+02
2.67955e+02
2.67974e+02
2.67993e+02
2.68012e+02
2.68031e+02
2.68049e+02
2.68067e+02
2.68086e+02
2.68104e+02
2.68122e+02
2.68140e+02
2.68157e+02
2.68175e+02
2.68192e+02
2.68209e+02
2.68227e+02
2.68243e+02
2.68260e+02
2.68277e+02
2.68293e+02
2.68310e+02
2.68326e+02
2.68342e+02
2.68358e+02
2.68374e+02
2.68389e+02
2.68405e+02
2.68420e+02
2.68436e+02
2.68451e+02
2.68466e+02
2.68480e+02
2.68495e+02
2.68510e+02
2.68524e+02
2.68538e+02
2.68552e+02
2.68566e+02
2.68580e+02
2.68594e+02
2.68608e+02
2.68621e+02
2.68635e+02
2.68648e+02
2.68661e+02
2.68674e+02
2.68687e+02
2.68699e+02
2.68712e+02
2.68725e+02
2.68737e+02
2.68749e+02
2.68761e+02
2.68773e+02
2.68785e+02
2.68797e+02
2.68809e+02
2.68820e+02
2.68832e+02
2.68843e+02
2.68854e+02
2.68865e+02
2.68876e+02
2.68887e+02
2.68898e+02
2.68909e+02
2.68919e+02
2.68930e+02
2.68940e+02
2.68951e+02
2.68961e+02
2.68971e+02
2.68981e+02
2.68991e+02
2.69000e+02
2.69010e+02
2.69020e+02
2.69029e+02
2.69038e+02
2.69048e+02
2.69057e+02
2.69066e+02
2.69075e+02
2.69084e+02
2.69093e+02
2.69102e+02
2.69110e+02
2.69119e+02
2.69127e+02
2.69136e+02
2.69144e+02
2.69152e+02
2.69160e+02
2.69169e+02
2.69177e+02
2.69184e+02
2.69192e+02
2.69200e+02
2.69208e+02
2.69215e+02
2.69223e+02
2.69230e+02
2.69238e+02
2.69245e+02
2.69252e+02
2.69259e+02
2.69266e+02
2.69273e+02
2.69280e+02
2.69287e+02
2.69294e+02
2.69301e+02
2.69307e+02
2.69314e+02
2.69320e+02
2.69327e+02
2.69333e+02
2.69340e+02
2.69346e+02
2.69352e+02
2.69358e+02
2.69364e+02
2.69370e+02
2.69376e+02
2.69382e+02
2.69388e+02
2.69394e+02
2.69399e+02
2.69405e+02
2.69411e+02
2.69416e+02
2.69422e+02
2.69427e+02
2.69433e+02
2.69438e+02
2.69443e+02
2.69448e+02
2.69453e+02
2.69459e+02
2.69464e+02
2.69469e+02
2.69474e+02
2.69478e+02
2.69483e+02
2.69488e+02
2.69493e+02
2.69498e+02
2.69502e+02
2.69507e+02
2.69511e+02
2.69516e+02
2.69520e+02
2.69525e+02
2.69529e+02
2.69534e+02
2.69538e+02
2.69542e+02
2.69546e+02
2.69550e+02
2.69555e+02
2.69559e+02
2.69563e+02
2.69567e+02
2.69571e+02
2.69575e+02
2.69578e+02
2.69582e+02
2.69586e+02
2.69590e+02
2.69594e+02
2.69597e+02
2.69601e+02
2.69604e+02
2.69608e+02
2.69612e+02
2.69615e+02
2.69619e+02
2.69622e+02
2.69625e+02
2.69629e+02
2.69632e+02
2.69635e+02
2.69639e+02
2.69642e+02
2.69645e+02
2.69648e+02
2.69651e+02
2.69654e+02
2.69657e+02
2.69660e+02
2.69663e+02
2.69666e+02
2.69669e+02
2.69672e+02
2.69675e+02
2.69678e+02
2.69681e+02
2.69684e+02
2.69686e+02
2.69689e+02
2.69692e+02
2.69694e+02
2.69697e+02
2.69700e+02
2.69702e+02
2.69705e+02
2.69707e+02
2.69710e+02
2.69713e+02
2.69715e+02
2.69717e+02
2.69720e+02
2.69722e+02
2.69725e+02
2.69727e+02
2.69729e+02
2.69732e+02
2.69734e+02
2.69736e+02
2.69738e+02
2.69741e+02
2.69743e+02
2.69745e+02
2.69747e+02
2.69749e+02
2.69751e+02
2.69753e+02
2.69755e+02
2.69757e+02
2.69759e+02
2.69761e+02
2.69763e+02
2.69765e+02
2.69767e+02
2.69769e+02
2.69771e+02
2.69773e+02
2.69775e+02
2.69777e+02
2.69778e+02
2.69780e+02
2.69782e+02
2.69784e+02
2.69786e+02
2.69787e+02
2.69789e+02
2.69791e+02
2.69792e+02
2.69794e+02
2.69796e+02
2.69797e+02
2.69799e+02
2.69800e+02
2.69802e+02
2.69804e+02
2.69805e+02
2.69807e+02
2.69808e+02
2.69810e+02
2.69811e+02
2.69813e+02
2.69814e+02
2.69815e+02
2.69817e+02
2.69818e+02
2.69820e+02
2.69821e+02
2.69822e+02
2.69824e+02
2.69825e+02
2.69826e+02
2.69828e+02
2.69829e+02
2.69830e+02
2.69832e+02
2.69833e+02
2.69834e+02
2.69835e+02
2.69837e+02
2.69838e+02
2.69839e+02
2.69840e+02
2.69841e+02
2.69842e+02
2.69844e+02
2.69845e+02
2.69846e+02
2.69847e+02
2.69848e+02
2.69849e+02
2.69850e+02
2.69851e+02
2.69852e+02
2.69853e+02
2.69854e+02
2.69855e+02
2.69856e+02
2.69857e+02
2.69858e+02
2.69859e+02
2.69860e+02
2.69861e+02
2.69862e+02
2.69863e+02
2.69864e+02
2.69865e+02
2.69866e+02
2.69867e+02
2.69868e+02
2.69869e+02
2.69870e+02
2.69870e+02
2.69871e+02
2.69872e+02
2.69873e+02
2.69874e+02
2.69875e+02
2.69875e+02
2.69876e+02
2.69877e+02
2.69878e+02
2.69879e+02
2.69879e+02
2.69880e+02
2.69881e+02
2.69882e+02
2.69882e+02
2.69883e+02
2.69884e+02
2.69885e+02
2.69885e+02
2.69886e+02
2.69887e+02
2.69887e+02
2.69888e+02
2.69889e+02
2.69889e+02
2.69890e+02
2.69891e+02
2.69891e+02
2.69892e+02
2.69893e+02
2.69893e+02
2.69894e+02
2.69895e+02
2.69895e+02
2.69896e+02
2.69896e+02
2.69897e+02
2.69898e+02
2.69898e+02
2.69899e+02
2.69899e+02
2.69900e+02
2.69900e+02
2.69901e+02
2.69901e+02
2.69902e+02
2.69903e+02
2.69903e+02
2.69904e+02
2.69904e+02
2.69905e+02
2.69905e+02
2.69906e+02
2.69906e+02
2.69907e+02
2.69907e+02
2.69908e+02
2.69908e+02
2.69909e+02
2.69909e+02
2.69909e+02
2.69910e+02
2.69910e+02
2.69911e+02
2.69911e+02
2.69912e+02
2.69912e+02
