2.70000e+02
2.65845e+02
2.63995e+02
2.63311e+02
2.63253e+02
2.63531e+02
2.63983e+02
2.64511e+02
2.65061e+02
2.65599e+02
2.66106e+02
2.66574e+02
2.66999e+02
2.67380e+02
2.67718e+02
2.68017e+02
2.68280e+02
2.68509e+02
2.68709e+02
2.68882e+02
2.69033e+02
2.69163e+02
2.69275e+02
2.69372e+02
2.69455e+02
2.69527e+02
2.69588e+02
2.69641e+02
2.69686e+02
2.69725e+02
2.69759e+02
2.69787e+02
2.69811e+02
2.69832e+02
2.69850e+02
2.69865e+02
2.69878e+02
2.69889e+02
2.69899e+02
2.69907e+02
2.69914e+02
2.69920e+02
2.69925e+02
2.69929e+02
2.69933e+02
2.69936e+02
2.69939e+02
2.69941e+02
2.69943e+02
2.69945e+02
2.69946e+02
2.69947e+02
2.69948e+02
2.69949e+02
2.69950e+02
2.69950e+02
2.69951e+02
2.69951e+02
2.69952e+02
2.69952e+02
2.69952e+02
2.69953e+02
2.69953e+02
2.69953e+02
2.69953e+02
2.69953e+02
2.69953e+02
2.69953e+02
2.69953e+02
2.69953e+02
2.69953e+02
2.69953e+02
2.69953e+02
2.69953e+02
2.69954e+02
2.69954e+02
2.69953e+02
2.69953e+02
2.69953e+02
2.69953e+02
2.69953e+02
2.69953e+02
2.69953e+02
2.69953e+02
2.69953e+02
2.69953e+02
2.69953e+02
2.69953e+02
2.69953e+02
2.69953e+02
2.69953e+02
2.69953e+02
2.69953e+02
2.69953e+02
2.69953e+02
2.69953e+02
2.69953e+02
2.69953e+02
2.69953e+02
2.69953e+02
2.69953e+02
2.69953e+02
2.69953e+02
2.69953e+02
2.69953e+02
2.69953e+02
2.69953e+02
2.69953e+02
2.69953e+02
2.69953e+02
2.69953e+02
2.69953e+02
2.69953e+02
2.69953e+02
2.69953e+02
2.69953e+02
2.69952e+02
2.69952e+02
2.69952e+02
2.69952e+02
2.69952e+02
2.69952e+02
2.69952e+02
2.69952e+02
2.69952e+02
2.69952e+02
2.69952e+02
2.69952e+02
2.69952e+02
2.69952e+02
2.69952e+02
2.69952e+02
2.69952e+02
2.69952e+02
2.69952e+02
2.69952e+02
2.69952e+02
2.69952e+02
2.69952e+02
2.69952e+02
2.69952e+02
2.69952e+02
2.69952e+02
2.69952e+02
2.69952e+02
2.69952e+02
2.69952e+02
2.69951e+02
2.69951e+02
2.69951e+02
2.69951e+02
2.69951e+02
2.69951e+02
2.69951e+02
2.69951e+02
2.69951e+02
2.69951e+02
2.69951e+02
2.69951e+02
2.69951e+02
2.69951e+02
2.69951e+02
2.69951e+02
2.69951e+02
2.69951e+02
2.69951e+02
2.69951e+02
2.69951e+02
2.69951e+02
2.69951e+02
2.69951e+02
2.69951e+02
2.69951e+02
2.69951e+02
2.69951e+02
2.69951e+02
2.69950e+02
2.69950e+02
2.69950e+02
2.69950e+02
2.69950e+02
2.69950e+02
2.69950e+02
2.69950e+02
2.69950e+02
2.69950e+02
2.69950e+02
2.69950e+02
2.69950e+02
2.69950e+02
2.69950e+02
2.69950e+02
2.69950e+02
2.69950e+02
2.69950e+02
2.69950e+02
2.69950e+02
2.69950e+02
2.69950e+02
2.69950e+02
2.69950e+02
2.69950e+02
2.69950e+02
2.69949e+02
2.69949e+02
2.69949e+02
2.69949e+02
2.69949e+02
2.69949e+02
2.69949e+02
2.69949e+02
2.69949e+02
2.69949e+02
2.69949e+02
2.69949e+02
2.69949e+02
2.69949e+02
2.69949e+02
2.69949e+02
2.69949e+02
2.69949e+02
2.69949e+02
2.69949e+02
2.69949e+02
2.69949e+02
2.69949e+02
2.69949e+02
2.69948e+02
2.69948e+02
2.69948e+02
2.69948e+02
2.69948e+02
2.69948e+02
2.69948e+02
2.69948e+02
2.69948e+02
2.69948e+02
2.69948e+02
2.69948e+02
2.69948e+02
2.69948e+02
2.69948e+02
2.69948e+02
2.69948e+02
2.69948e+02
2.69948e+02
2.69948e+02
2.69948e+02
2.69948e+02
2.69948e+02
2.69947e+02
2.69947e+02
2.69947e+02
2.69947e+02
2.69947e+02
2.69947e+02
2.69947e+02
2.69947e+02
2.69947e+02
2.69947e+02
2.69947e+02
2.69947e+02
2.69947e+02
2.69947e+02
2.69947e+02
2.69947e+02
2.69947e+02
2.69947e+02
2.69947e+02
2.69947e+02
2.69947e+02
2.69946e+02
2.69946e+02
2.69946e+02
2.69946e+02
2.69946e+02
2.69946e+02
2.69946e+02
2.69946e+02
2.69946e+02
2.69946e+02
2.69946e+02
2.69946e+02
2.69946e+02
2.69946e+02
2.69946e+02
2.69946e+02
2.69946e+02
2.69946e+02
2.69946e+02
2.69945e+02
2.69945e+02
2.69945e+02
2.69945e+02
2.69945e+02
2.69945e+02
2.69945e+02
2.69945e+02
2.69945e+02
2.69945e+02
2.69945e+02
2.69945e+02
2.69945e+02
2.69945e+02
2.69945e+02
2.69945e+02
2.69945e+02
2.69945e+02
2.69944e+02
2.69944e+02
2.69944e+02
2.69944e+02
2.69944e+02
2.69944e+02
2.69944e+02
2.69944e+02
2.69944e+02
2.69944e+02
2.69944e+02
2.69944e+02
2.69944e+02
2.69944e+02
2.69944e+02
2.69944e+02
2.69944e+02
2.69943e+02
2.69943e+02
2.69943e+02
2.69943e+02
2.69943e+02
2.69943e+02
2.69943e+02
2.69943e+02
2.69943e+02
2.69943e+02
2.69943e+02
2.69943e+02
2.69943e+02
2.69943e+02
2.69943e+02
2.69942e+02
2.69942e+02
2.69942e+02
2.69942e+02
2.69942e+02
2.69942e+02
2.69942e+02
2.69942e+02
2.69942e+02
2.69942e+02
2.69942e+02
2.69942e+02
2.69942e+02
2.69942e+02
2.69942e+02
2.69941e+02
2.69941e+02
2.69941e+02
2.69941e+02
2.69941e+02
2.69941e+02
2.69941e+02
2.69941e+02
2.69941e+02
2.69941e+02
2.69941e+02
2.69941e+02
2.69941e+02
2.69941e+02
2.69940e+02
2.69940e+02
2.69940e+02
2.69940e+02
2.69940e+02
2.69940e+02
2.69940e+02
2.69940e+02
2.69940e+02
2.69940e+02
2.69940e+02
2.69940e+02
2.69939e+02
2.69939e+02
2.69939e+02
2.69939e+02
2.69939e+02
2.69939e+02
2.69939e+02
2.69939e+02
2.69939e+02
2.69939e+02
2.69939e+02
2.69939e+02
2.69938e+02
2.69938e+02
2.69938e+02
2.69938e+02
2.69938e+02
2.69938e+02
2.69938e+02
2.69938e+02
2.69938e+02
2.69938e+02
2.69938e+02
2.69937e+02
2.69937e+02
2.69937e+02
2.69937e+02
2.69937e+02
2.69937e+02
2.69937e+02
2.69937e+02
2.69937e+02
2.69937e+02
2.69937e+02
2.69936e+02
2.69936e+02
2.69936e+02
2.69936e+02
2.69936e+02
2.69936e+02
2.69936e+02
2.69936e+02
2.69936e+02
2.69936e+02
2.69935e+02
2.69935e+02
2.69935e+02
2.69935e+02
2.69935e+02
2.69935e+02
2.69935e+02
2.69935e+02
2.69935e+02
2.69934e+02
2.69934e+02
2.69934e+02
2.69934e+02
2.69934e+02
2.69934e+02
2.69934e+02
2.69934e+02
2.69934e+02
2.69933e+02
2.69933e+02
2.69933e+02
2.69933e+02
2.69933e+02
2.69933e+02
2.69933e+02
2.69933e+02
2.69933e+02
2.69932e+02
2.69932e+02
2.69932e+02
2.69932e+02
2.69932e+02
2.69932e+02
2.69932e+02
2.69931e+02
2.69931e+02
2.69931e+02
2.69931e+02
2.69931e+02
2.69931e+02
2.69931e+02
2.69931e+02
2.69930e+02
2.69930e+02
2.69930e+02
2.69930e+02
2.69930e+02
2.69930e+02
2.69930e+02
2.69929e+02
2.69929e+02
2.69929e+02
2.69929e+02
2.69929e+02
2.69929e+02
2.69929e+02
2.69928e+02
2.69928e+02
2.69928e+02
2.69928e+02
2.69928e+02
2.69928e+02
2.69927e+02
2.69927e+02
2.69927e+02
2.69927e+02
2.69927e+02
2.69927e+02
2.69926e+02
2.69926e+02
2.69926e+02
2.69926e+02
2.69926e+02
2.69926e+02
2.69925e+02
